-1.161455
-0.212701
0.159549
0.102094
0.424051
0.192061
0.049478
-0.001734
0.094321
0.030637
-0.249599
0.158831
0.095939
0.459102
-0.138425
-0.081899
-0.192930
0.124241
-0.378286
-0.399781
-0.086038
0.026860
-0.241042
-0.352486
-0.226953
0.155095
-0.065368
-0.190187
-0.197671
-0.144082
-0.241001
-0.121730
0.026530
0.029736
0.082049
-0.212264
0.045543
0.106378
-0.290771
-0.301747
-0.055310
-0.060136
0.057173
-0.021178
-0.137932
0.284977
0.161815
-0.225017
-0.114997
-0.267302
0.006757
-0.165940
0.026680
-0.381376
0.049459
-0.160713
0.143345
-0.209324
-0.218392
-0.241378
0.169622
-0.361414
-0.167162
-0.052740
-0.446233
0.066307
-0.484486
0.182359
-0.252222
0.094657
0.413198
-0.143955
-0.044727
-0.044353
0.102764
0.164295
0.303725
0.019714
0.434753
0.143959
0.137688
0.263182
-0.129685
-0.074602
-0.004197
0.243467
-0.439058
0.031297
0.097377
0.218293
-0.216280
-0.281331
-0.075957
-0.050339
-0.415185
0.258806
1.194983
0.580581
0.014069
0.052083
0.061328
0.360735
0.213695
0.340901
0.037494
0.330953
-0.167248
-0.088562
0.489217
-0.000017
0.277217
0.074187
-0.072876
0.413225
0.284481
0.097693
0.364978
0.246945
-0.202426
-0.032849
0.095632
0.289421
0.028823
0.422012
-0.080160
0.126003
-0.005512
-0.622226
