0.102680
0.390171
0.318214
0.264967
0.420226
0.339842
0.274818
-0.068662
0.272108
0.092540
0.189605
0.387564
-0.001797
0.105765
-0.143399
0.200577
-0.020330
0.156241
-0.070924
-0.056456
0.035827
-0.054870
0.200180
-0.227899
0.111458
-0.096445
-0.096301
-0.152281
-0.125764
-0.054116
-0.078354
-0.250564
0.124387
0.169469
0.068141
-0.130474
-0.116167
-0.086205
-0.135270
-0.290842
-0.008364
-0.133061
0.124237
-0.187835
-0.119977
-0.031182
-0.029642
0.053483
-0.231833
0.069060
-0.055242
-0.042205
-0.252870
-0.240585
-0.000373
-0.197509
-0.210119
-0.190267
-0.101481
-0.272350
0.019975
-0.204697
-0.193123
-0.091462
-0.271526
-0.202188
-0.293839
-0.043283
-0.144425
-0.083984
-0.073946
-0.088068
-0.410078
-0.285974
-0.107773
-0.173085
-0.186377
-0.249695
0.007692
-0.167444
0.008160
-0.193861
-0.119635
-0.249296
0.041821
-0.012063
-0.180732
-0.008686
-0.077192
0.036752
0.006327
-0.077699
-0.109992
-0.118298
0.046797
1.665129
75.040793
52.335968
1.854671
0.316670
0.290830
0.308946
-0.305451
-0.198082
-0.110438
0.115382
0.008403
0.031324
0.033215
0.031928
0.287146
0.123156
0.123825
0.037031
-0.012857
0.128761
0.164265
-0.192230
-0.116599
0.147772
-0.078026
-0.121781
-0.218761
0.289386
-0.160904
0.094907
0.035361
-0.233272
