-0.495701
-0.015064
0.135622
0.026228
0.323289
0.256992
0.246254
-0.106676
0.250505
-0.032347
-0.163922
0.288801
0.022976
0.186450
-0.401198
-0.054997
-0.145937
-0.203462
-0.260569
-0.158988
-0.224861
-0.078970
-0.034192
-0.144703
0.014847
-0.325503
-0.365205
-0.322162
-0.140571
-0.119882
-0.186087
-0.337573
0.025583
0.075785
0.008248
-0.232297
-0.139215
-0.133267
-0.113990
-0.173681
-0.004215
-0.216988
0.051404
-0.085032
-0.030862
-0.020428
-0.213703
-0.023269
-0.199960
0.169611
-0.170978
-0.010924
-0.243028
-0.359454
-0.017403
-0.339469
-0.039532
-0.152252
-0.145138
-0.100341
0.033956
-0.124484
-0.177996
-0.141279
-0.244214
-0.193278
-0.285489
-0.048466
-0.107097
0.027910
-0.104243
-0.181788
-0.181231
-0.176095
-0.122873
-0.069332
-0.122659
-0.158877
0.004339
-0.128746
0.027031
-0.251102
-0.279492
-0.276228
0.037887
-0.000208
-0.141508
0.067347
-0.129129
-0.134270
-0.052234
-0.214302
-0.108853
-0.274072
-0.406251
-0.992460
24.358845
11.013860
-0.898290
-0.181594
-0.068535
0.198002
-0.433721
-0.066356
-0.373442
0.462103
0.031613
0.034667
0.013901
0.029071
0.249267
0.091393
0.044190
0.215615
0.118776
-0.010066
0.441908
0.117303
-0.053467
0.076060
0.025737
0.197683
-0.098099
0.239199
-0.175934
0.261923
-0.039492
-0.356775
