0.124372
0.322283
0.478864
0.181636
0.267836
0.284547
0.225667
0.058745
0.271907
0.041194
0.173391
0.310461
0.039624
0.226864
-0.102025
-0.000479
-0.030501
0.060891
-0.107093
0.122247
-0.043378
-0.123306
0.146034
-0.086335
-0.045531
-0.178042
-0.034908
-0.183659
-0.225955
-0.112397
-0.092630
-0.150194
0.013048
0.110128
-0.037109
-0.076958
-0.020757
-0.197662
-0.034461
-0.193241
-0.051689
-0.024615
0.134833
-0.195309
-0.192396
-0.169791
0.059666
-0.061592
-0.201375
0.089126
-0.015581
0.092483
-0.165581
-0.384657
-0.013809
-0.262961
-0.190828
-0.259747
0.073228
-0.230835
0.130240
-0.135928
-0.106531
-0.171877
-0.207842
-0.175962
-0.275053
-0.086807
-0.048794
-0.000676
-0.004830
-0.148398
-0.338665
-0.190521
-0.122396
-0.185764
-0.101127
-0.236335
-0.066053
-0.129038
-0.060356
-0.136800
-0.157152
-0.264811
0.035523
0.020209
-0.196644
-0.090926
-0.071722
-0.073708
0.002178
-0.169832
0.054507
-0.029801
0.207741
1.545708
75.710972
52.959709
1.712802
0.262428
0.307627
0.337433
-0.311386
-0.170772
-0.002348
0.148860
0.102143
0.096976
-0.021574
-0.075330
0.412549
0.106991
0.035623
-0.029648
0.100282
0.012476
0.295752
-0.117916
0.024915
0.115786
-0.215396
-0.113308
-0.156358
0.100006
-0.133407
0.026670
-0.092879
-0.182429
