0.294413
0.283219
0.348775
0.142511
0.321672
0.209384
0.434354
0.017614
0.250684
-0.005986
0.142444
0.219346
-0.047479
0.285691
-0.195947
0.212238
0.047172
-0.010282
-0.096275
0.000240
-0.087547
-0.022625
0.226821
-0.098385
-0.088757
-0.234194
-0.156899
-0.116901
-0.149160
-0.111615
-0.093910
-0.071483
0.039877
0.253968
-0.037432
-0.117020
-0.063964
-0.060007
-0.100706
-0.166534
-0.029933
-0.090882
0.145587
-0.000627
-0.168500
-0.013093
-0.058427
0.062126
-0.087570
0.075879
-0.034935
0.006356
-0.322665
-0.256986
-0.076061
-0.222158
-0.192063
-0.243719
0.080870
-0.246972
0.039114
-0.182151
-0.167699
-0.083102
-0.221935
-0.079041
-0.280301
-0.076962
-0.101917
-0.050736
-0.083069
-0.000643
-0.265136
-0.146790
-0.240556
-0.123104
-0.048463
-0.247469
0.023582
-0.113452
-0.121544
-0.186805
-0.309193
-0.207084
-0.158591
0.056032
-0.092081
-0.061242
-0.019067
0.090903
-0.040991
-0.031143
-0.040603
-0.105876
0.186648
1.446036
76.083980
53.087894
1.746841
0.262340
0.251464
0.355271
-0.356526
-0.208118
-0.093146
0.075605
-0.064840
0.080738
0.063112
-0.003631
0.318506
0.012756
0.021526
-0.086814
0.046373
0.062180
0.280459
-0.095184
-0.140119
0.200280
-0.075832
-0.156635
-0.185650
0.144731
-0.175564
0.064401
-0.119167
-0.104456
