0.303672
0.325767
0.356263
0.100224
0.213358
0.199060
0.397849
0.044087
0.226261
0.162461
0.003159
0.242866
-0.071896
0.096349
-0.196422
0.077910
0.000750
0.051307
-0.193566
0.007752
-0.059027
-0.132945
0.135614
-0.004070
-0.068096
-0.123741
-0.215284
-0.147319
-0.230658
-0.193957
-0.242099
-0.230784
-0.023438
0.210496
-0.052823
-0.059534
-0.056460
-0.060495
-0.109212
-0.115078
-0.023373
-0.020318
0.135222
-0.078183
-0.187962
-0.067533
-0.083851
-0.059198
-0.230023
0.196198
0.049520
0.108696
-0.267207
-0.343412
-0.177317
-0.337477
-0.052702
-0.063446
0.069394
-0.169555
-0.056170
-0.187629
-0.053360
-0.068595
-0.206488
-0.107623
-0.293720
0.091285
-0.103429
0.052629
-0.048530
0.028800
-0.211714
-0.172401
-0.073090
-0.087580
-0.028096
-0.274012
0.077124
0.003002
-0.101931
-0.238345
-0.083732
-0.217574
-0.070092
-0.078324
-0.135590
-0.126679
0.092392
0.030505
0.107377
-0.102542
-0.064143
-0.070485
0.239995
1.385743
76.440168
53.362625
1.687607
0.314865
0.277002
0.273858
-0.156190
-0.185705
-0.176591
0.150060
0.059456
0.058346
0.068652
0.018902
0.244128
0.124133
-0.044881
-0.083296
0.037723
-0.010140
0.127030
-0.122810
-0.169531
0.060968
-0.188161
0.027587
-0.248051
0.216255
-0.272944
0.159740
-0.022611
-0.038149
