0.295356
0.339179
0.430743
0.129511
0.393603
0.215302
0.414235
-0.070316
0.378519
0.005969
0.151383
0.419985
-0.090528
0.178730
-0.033138
0.083246
0.000147
0.007601
-0.059310
-0.032750
-0.065728
-0.115618
0.062031
-0.042426
-0.020862
-0.149338
-0.135965
-0.155808
-0.156297
-0.162612
-0.148897
-0.178335
0.048738
0.215912
-0.022414
-0.160102
-0.090950
-0.113982
-0.113773
-0.221491
0.082953
-0.032862
0.070683
-0.065639
-0.151679
-0.074060
-0.020594
-0.052920
-0.106813
-0.035037
-0.036920
0.045202
-0.264839
-0.263991
-0.094078
-0.248289
-0.068254
-0.215841
0.025703
-0.258011
-0.099745
-0.358979
-0.230674
-0.125047
-0.276225
-0.150036
-0.228423
0.154728
-0.144900
-0.010866
-0.104013
-0.133667
-0.350075
-0.193843
-0.248585
-0.083047
-0.093371
-0.294550
-0.045329
-0.071505
0.029336
-0.209822
-0.271294
-0.287070
0.041161
-0.016821
-0.073144
-0.199204
-0.063076
-0.133823
-0.044063
-0.035110
-0.140542
-0.199757
0.185609
1.434875
76.784740
53.689715
1.675920
0.244312
0.329432
0.421248
-0.323521
-0.164250
0.120601
0.113610
0.054890
0.067800
0.064093
0.026267
0.233720
0.044722
0.041444
0.093003
0.045244
-0.023757
0.258420
-0.072359
0.009769
0.135480
-0.085804
0.075134
-0.086743
0.139698
-0.233424
0.126272
0.055805
0.019575
