0.358825
0.322735
0.346401
0.118086
0.366194
0.197952
0.340062
-0.044810
0.243366
0.000552
0.137003
0.368788
-0.036005
0.160374
-0.144348
0.186700
-0.028185
0.030195
-0.159572
-0.052149
0.011816
-0.101022
0.021606
-0.113759
-0.047233
-0.135766
-0.129394
-0.180274
-0.021882
-0.105139
-0.217179
-0.266660
0.026452
0.208560
-0.000950
-0.150457
-0.104371
-0.074493
-0.097187
-0.274833
-0.051238
-0.243978
0.023296
-0.031092
-0.114052
-0.012615
-0.056853
0.021631
-0.112999
0.154152
-0.071325
0.038869
-0.242228
-0.203560
-0.119453
-0.239610
-0.187409
-0.119400
-0.090303
-0.243451
-0.077253
-0.196759
-0.122313
-0.089592
-0.209474
-0.067595
-0.337595
0.065525
-0.107410
-0.029200
-0.124468
-0.036165
-0.362487
-0.125340
-0.217071
-0.209352
-0.049966
-0.156159
-0.064771
-0.214668
-0.100895
-0.078505
-0.282669
-0.225588
-0.021126
0.001607
-0.104498
0.018001
-0.124361
0.019362
0.014435
-0.083503
-0.022200
-0.020600
0.170219
1.542372
77.020348
53.853504
1.671460
0.262860
0.251082
0.326933
-0.318031
-0.109731
-0.058462
0.109115
0.112465
-0.030513
0.010757
-0.000069
0.263071
0.159035
0.121885
0.039653
0.169665
0.045667
0.269997
-0.014782
-0.151407
0.122909
-0.113228
-0.004168
-0.231919
0.218119
-0.159115
0.184762
-0.093504
-0.082836
