0.338665
0.363639
0.498241
0.171912
0.334104
0.241782
0.271035
-0.039870
0.245217
0.126473
0.124861
0.354530
0.004911
0.253121
-0.067531
0.048785
-0.037371
0.095090
-0.024891
0.030738
0.006910
-0.077062
0.099586
-0.045056
-0.120176
-0.131617
0.004422
-0.221208
-0.064890
-0.202040
-0.157368
-0.147970
0.008284
0.226329
0.016025
-0.133548
-0.109479
-0.065509
0.036740
-0.167057
-0.054453
0.005727
0.130166
-0.165080
-0.093140
-0.119515
-0.158884
-0.051408
-0.116094
0.166271
0.032450
-0.130046
-0.111296
-0.251609
0.047362
-0.290745
-0.189578
-0.207394
-0.044469
-0.337377
0.022631
-0.213563
-0.129208
-0.053578
-0.244517
-0.232689
-0.300762
-0.009602
-0.148494
-0.076317
-0.112438
-0.113187
-0.305441
-0.137358
-0.249001
-0.195390
-0.078989
-0.340873
-0.156786
-0.089933
-0.075226
-0.104509
-0.418549
-0.276585
-0.076313
0.042487
-0.209579
-0.050789
-0.081568
-0.020550
-0.044483
-0.151470
0.015953
-0.082499
0.149176
1.530630
77.103714
54.084152
1.650535
0.195971
0.272066
0.356636
-0.248073
0.038020
-0.069706
0.035171
0.082453
0.004378
0.056783
0.083878
0.294100
0.090076
0.004992
-0.032438
0.109656
-0.059202
0.226003
-0.100720
-0.252621
0.133901
-0.035386
-0.100267
-0.088302
0.115169
-0.105113
0.305670
-0.102647
0.008722
