0.387684
0.309592
0.379120
0.073184
0.277072
0.199917
0.314855
0.066332
0.198215
0.107622
0.171000
0.239680
0.010222
0.162376
-0.110167
0.118867
-0.108922
-0.018581
-0.077412
-0.027958
-0.012911
0.071104
0.091657
-0.089558
-0.055022
-0.052517
-0.214990
-0.156959
-0.208356
-0.167731
-0.161903
-0.237328
-0.001386
0.072663
0.025229
-0.131134
-0.208993
-0.042229
-0.083904
-0.209494
-0.030160
-0.029977
0.042389
-0.131743
-0.165666
-0.099271
-0.070636
-0.050062
-0.261561
0.077446
-0.069108
-0.015939
-0.241781
-0.280037
-0.008287
-0.153266
-0.167179
-0.125995
-0.152085
-0.326927
-0.016032
-0.162252
-0.102919
-0.058315
-0.303921
-0.118212
-0.324198
0.012606
-0.096094
-0.081954
-0.111195
-0.218666
-0.272045
-0.115973
-0.096760
-0.188108
-0.154585
-0.260577
0.018374
-0.162466
-0.107735
-0.172019
-0.282216
-0.191153
-0.117888
0.072735
-0.013333
-0.058540
-0.021219
0.101596
0.085591
-0.066302
-0.008890
-0.150089
0.359027
1.495167
77.296470
54.041808
1.708929
0.281779
0.297888
0.325696
-0.253589
-0.132361
-0.000458
0.111182
0.045660
0.030541
0.050835
-0.056856
0.258025
0.235097
-0.053798
0.138644
-0.025003
0.101817
0.167024
-0.085456
-0.181205
0.139939
-0.080992
0.014920
-0.178703
0.212168
-0.119738
0.228774
0.039490
0.029215
