0.449778
0.322932
0.346663
0.076394
0.263385
0.273160
0.494933
0.003485
0.139577
0.075726
0.118258
0.208053
-0.059637
0.160636
-0.149198
0.170847
0.045925
0.102390
-0.036529
-0.057774
-0.062873
-0.150766
0.106819
-0.052650
0.034875
-0.042673
-0.091117
-0.124144
-0.166592
-0.189790
-0.040086
-0.148536
0.081575
0.167709
0.014235
-0.074236
-0.072119
-0.107329
0.063946
-0.207658
-0.038172
-0.051948
-0.063339
-0.186851
-0.100892
-0.229280
-0.178437
0.007851
-0.151841
0.044600
0.077762
-0.013817
-0.133024
-0.303366
-0.058220
-0.317333
-0.028476
-0.275074
-0.235896
-0.228225
-0.022863
-0.224294
-0.169927
-0.281233
-0.317084
-0.159315
-0.311454
0.060503
-0.147060
-0.074930
0.054666
-0.076924
-0.317306
-0.171076
-0.138809
-0.107342
-0.093715
-0.290752
-0.066576
-0.130595
-0.193678
-0.226070
-0.179444
-0.195381
-0.057881
0.039820
-0.012499
0.064278
-0.148132
-0.048296
-0.035255
-0.106400
0.003184
-0.013224
0.151474
1.540699
77.548960
54.449392
1.582800
0.211144
0.341184
0.212178
-0.111011
-0.126506
0.127443
0.128345
0.016822
-0.084216
-0.042062
0.033011
0.348379
0.066405
0.040175
-0.006209
-0.068827
0.008954
0.289229
-0.128499
-0.105224
0.177050
-0.062194
-0.087059
-0.128878
0.191321
-0.244715
0.263798
0.091377
0.045048
