0.342463
0.378738
0.436429
0.145368
0.409493
0.162442
0.241405
-0.022456
0.246647
0.007919
0.125112
0.247191
-0.088426
0.132822
-0.132315
0.105056
-0.059887
-0.029544
-0.117403
-0.034880
-0.107811
-0.146527
0.106837
-0.058504
-0.043788
-0.155510
-0.134206
-0.086122
-0.126349
-0.113675
-0.218802
-0.185488
-0.064068
0.154886
0.071421
-0.235032
-0.077034
-0.063111
-0.136735
-0.246401
-0.011952
-0.125868
0.084628
-0.067662
-0.237395
-0.001160
-0.145545
-0.098806
-0.335457
0.166756
-0.018099
-0.035700
-0.318717
-0.176270
-0.113969
-0.356172
-0.214940
-0.173869
-0.272879
-0.252871
-0.034749
-0.162146
-0.120849
-0.036249
-0.514724
-0.094199
-0.368209
0.026773
-0.092974
-0.078699
-0.049131
-0.153683
-0.345922
-0.185849
-0.214535
-0.072063
0.037330
-0.244522
-0.004369
-0.185342
-0.029556
-0.079133
-0.305242
-0.251139
-0.029708
0.115922
-0.108150
-0.042259
-0.137002
0.107685
-0.021125
-0.014339
-0.021756
0.043674
0.170040
1.409490
77.520834
54.316777
1.719251
0.256853
0.337011
0.410039
-0.239807
-0.158172
-0.057545
0.191794
0.001965
0.058777
0.033097
-0.031622
0.432330
0.196457
0.099323
0.076152
0.079242
0.062077
0.248615
-0.128066
-0.073136
0.298087
-0.054762
0.035328
-0.186563
0.219630
-0.037766
0.157338
0.093626
0.112006
