0.492453
0.398664
0.423364
0.107210
0.356196
0.057138
0.380888
-0.013541
0.245230
0.049640
0.201916
0.134988
-0.138676
0.122500
-0.184279
0.115925
-0.104983
-0.094563
-0.150533
-0.116071
-0.103023
-0.044039
0.123602
-0.100723
-0.048023
-0.132658
-0.184224
-0.041317
-0.170556
-0.036056
-0.338012
-0.096710
-0.000396
0.262705
0.005175
-0.190161
-0.143268
0.047489
-0.163867
-0.164870
0.011701
-0.086162
0.103398
-0.145815
-0.095934
-0.094322
-0.038718
0.046722
-0.415678
0.121499
-0.047280
-0.025050
-0.170036
-0.322484
-0.089362
-0.160613
-0.213333
-0.189106
-0.085198
-0.139407
-0.138083
-0.218452
-0.093111
-0.222369
-0.546013
-0.201361
-0.532347
0.151420
-0.182234
-0.045142
-0.088275
0.028962
-0.214409
-0.085310
-0.061977
-0.142425
0.116067
-0.276904
0.037254
-0.089661
-0.136833
-0.121298
-0.183656
-0.114488
0.073894
0.062649
-0.290324
-0.064640
-0.056411
0.013549
0.033652
-0.054546
0.012972
-0.029362
-0.086343
1.524810
77.642353
54.460743
1.711779
0.320889
0.256013
0.310813
-0.309985
0.019236
-0.105334
0.082205
0.120514
0.065275
0.061809
0.080831
0.282197
0.125261
0.058047
-0.026307
0.074787
-0.033102
0.340003
-0.104650
-0.211506
0.252947
-0.146233
-0.002221
-0.213971
0.177217
-0.177858
0.142791
0.114233
0.225686
