-0.360909
0.122879
0.199508
0.072158
0.395202
0.216020
0.305033
-0.056623
0.512217
0.049723
-0.267681
0.357805
0.011185
0.158627
-0.116483
-0.078923
-0.058052
0.066422
-0.224441
-0.191031
-0.005109
-0.135885
0.088667
-0.257585
-0.112114
-0.073648
-0.168335
-0.145248
-0.086536
-0.077081
-0.244080
-0.289453
-0.000357
-0.008189
0.030234
-0.213251
-0.019318
-0.046286
-0.013023
-0.312656
-0.072110
-0.153937
-0.055619
0.010010
-0.288651
-0.136238
-0.112793
-0.005225
-0.264842
0.242445
0.001851
-0.040037
-0.202074
-0.416203
0.014604
-0.308242
-0.224343
-0.232215
-0.058182
-0.234319
0.087865
-0.153417
-0.127083
-0.125296
-0.252254
-0.188189
-0.370435
-0.048427
-0.052114
0.010945
0.018704
-0.164825
-0.193323
-0.138141
-0.162835
-0.071407
-0.033644
-0.286714
-0.057607
-0.171590
-0.132824
-0.170143
-0.331345
-0.260312
0.061858
-0.128041
0.045431
-0.096528
0.067586
-0.043260
-0.157110
-0.156322
-0.073751
-0.182152
-0.212575
-0.383578
43.767975
26.340224
-0.123620
-0.098790
0.018372
0.195161
-0.542770
-0.310209
-0.250409
0.335271
0.132522
-0.024418
0.075866
-0.010874
0.370079
0.088394
0.081197
0.265691
-0.146829
0.057964
0.362152
0.112307
-0.044371
0.296927
0.072815
0.148809
0.044991
0.308342
-0.110864
0.240043
0.080461
-0.218785
