-0.296420
0.144994
0.252619
0.017286
0.292265
0.163070
0.212103
-0.033734
0.360172
0.087642
-0.075754
0.287860
0.008103
0.291374
-0.278192
0.055853
-0.035159
0.132237
-0.131509
-0.191889
-0.145897
-0.151876
0.051670
-0.150668
-0.105218
-0.107720
-0.254072
-0.233230
-0.013742
-0.215012
-0.215133
-0.132707
0.074420
0.111724
0.054090
-0.155369
-0.091346
-0.017445
-0.004073
-0.220776
0.051578
-0.040087
-0.061503
-0.061105
-0.063987
0.040343
-0.154837
-0.074215
-0.239825
0.208355
0.073656
-0.078133
-0.209051
-0.258436
-0.041333
-0.086749
-0.177484
-0.282172
0.040552
-0.255462
0.044804
-0.112641
-0.144133
-0.003550
-0.237358
-0.002686
-0.239709
-0.049468
0.067468
0.035726
0.072383
-0.061063
-0.155593
-0.146206
-0.097135
-0.138479
0.105949
-0.119186
-0.012878
-0.088756
-0.069974
-0.078343
-0.133909
-0.184562
-0.030178
0.066658
-0.132550
0.018206
-0.062385
0.043507
0.100405
-0.065581
0.117873
-0.051396
-0.129461
0.420646
54.020723
34.758050
0.662500
0.094037
0.248084
0.378873
-0.425791
0.018400
-0.156498
0.356845
-0.006332
0.030419
0.099717
0.071973
0.210241
0.194102
0.173853
0.218405
0.095860
0.146587
0.366924
0.005226
0.014221
0.188898
0.004761
0.066642
-0.038058
0.314055
-0.073016
0.323859
0.056244
-0.203670
