-0.200391
0.086636
0.326071
0.063964
0.330113
0.198833
0.397776
-0.113846
0.409215
-0.041481
-0.190208
0.237738
-0.165892
0.165230
-0.255439
0.029576
0.015594
0.002163
-0.272743
-0.093385
-0.095135
-0.157105
0.092443
-0.133074
0.005504
-0.191753
-0.298376
-0.301261
-0.079873
-0.036241
-0.140470
-0.277879
0.063247
0.193232
0.068914
-0.197582
-0.085437
-0.062556
-0.049253
-0.083235
0.038398
-0.131331
0.091982
-0.174991
0.006571
-0.010798
-0.142978
-0.113305
-0.270119
0.325139
0.095428
0.087616
-0.181345
-0.429605
-0.057525
-0.322706
-0.158713
-0.216438
0.021382
-0.120669
0.104634
-0.127741
-0.085365
0.021178
-0.165613
-0.073746
-0.185009
-0.065666
0.053403
0.040633
0.026385
-0.017334
-0.027784
-0.115413
-0.071250
-0.038630
0.025899
-0.130296
0.018015
-0.178923
-0.032245
-0.094568
-0.205925
-0.092813
-0.002243
0.051327
-0.235368
0.080922
0.049477
-0.034613
0.105112
-0.079747
0.004721
-0.039683
0.023848
0.953024
61.504728
41.090798
1.240972
0.230430
0.277625
0.245669
-0.244443
0.138756
-0.289721
0.338988
0.006530
0.198047
0.095565
0.080694
0.300052
0.219899
0.153774
0.115631
-0.010466
0.071604
0.226026
0.029240
-0.067664
0.123951
-0.097204
0.012770
-0.247890
0.125262
-0.185085
0.248693
0.006302
-0.308967
