-0.043609
0.235864
0.375392
0.092127
0.286229
0.245960
0.254120
-0.062584
0.297203
0.037688
-0.074694
0.383664
-0.036832
0.084505
-0.318180
0.065928
0.030718
0.083187
-0.178500
-0.113012
0.033918
-0.072792
-0.036235
-0.241607
0.031725
-0.118615
-0.206325
-0.195189
-0.084799
-0.079099
-0.126212
-0.246668
-0.019481
0.034662
0.131037
-0.238269
-0.044477
-0.057367
0.023793
-0.198826
-0.019312
-0.101047
0.068294
-0.098020
-0.224884
-0.058523
-0.035853
-0.010263
-0.221973
0.223266
0.111531
0.061856
-0.192183
-0.193514
0.004580
-0.273410
-0.141483
-0.354004
0.069431
-0.280411
-0.050125
-0.118569
-0.084152
-0.143400
-0.293346
-0.276283
-0.274682
0.019500
-0.121276
-0.109120
0.002469
-0.130084
-0.155544
-0.091225
-0.129935
-0.122473
0.042952
-0.202007
0.020279
-0.006895
-0.042020
-0.214260
-0.279611
-0.200446
0.095670
-0.047183
0.037491
0.113118
-0.022350
0.052635
0.035615
-0.101445
-0.008011
-0.060440
0.094540
1.122923
65.448503
44.350430
1.407828
0.161071
0.280093
0.280955
-0.322885
0.083180
-0.360210
0.247046
0.071568
0.033457
0.049776
0.038880
0.210220
0.297159
0.041941
0.071738
-0.058106
0.100809
0.387859
0.039222
-0.142536
0.354753
-0.007258
0.175663
-0.101071
0.257224
-0.150938
0.224896
0.030427
-0.323514
