0.021574
0.192140
0.362592
0.059337
0.343394
0.272933
0.340243
-0.076507
0.324366
0.016794
-0.009586
0.317768
0.142982
0.144548
-0.269160
0.026108
0.049846
-0.114548
-0.024584
-0.154915
-0.008986
0.019144
0.152751
-0.056660
-0.098994
-0.149521
-0.061296
-0.099026
-0.176527
-0.131771
-0.169202
-0.185445
0.052591
0.032997
-0.060648
-0.169254
-0.174139
-0.018173
-0.017103
-0.178658
0.019834
-0.024037
0.084482
-0.022966
-0.221674
0.025541
-0.143570
-0.076956
-0.210996
0.147529
-0.051141
0.059992
-0.214946
-0.355252
0.088558
-0.205342
-0.220307
-0.149129
0.033676
-0.192169
0.017828
-0.161439
-0.122960
-0.205359
-0.311428
-0.276223
-0.248774
0.083718
-0.066274
-0.169879
0.055582
0.092084
-0.287212
-0.127015
-0.186700
-0.139267
-0.066525
-0.192890
-0.061477
-0.068618
-0.107840
-0.117163
-0.254395
-0.214212
-0.053846
0.059843
-0.074531
0.045323
-0.200064
0.135607
-0.115143
-0.034357
-0.071782
-0.051185
0.161170
1.558660
68.591848
46.829513
1.726655
0.189225
0.290184
0.270094
-0.308812
-0.084358
-0.149383
0.168239
0.029828
0.142526
0.062917
0.010190
0.365232
0.125364
0.162076
0.026761
-0.077843
0.170747
0.148415
-0.093521
-0.182383
0.090274
-0.190996
0.025939
-0.157906
0.213376
-0.156847
0.328849
-0.049276
-0.157341
