-0.038349
0.249216
0.375718
0.147448
0.290510
0.165389
0.185621
0.134546
0.149728
0.048082
0.034378
0.291109
0.040358
0.171701
-0.099136
0.142160
0.030178
0.029660
-0.106339
-0.113626
-0.114630
-0.170549
0.065057
-0.088325
0.093000
-0.133322
-0.116066
-0.154870
-0.074483
-0.105749
-0.197871
-0.153405
0.078748
0.319864
0.013426
0.000913
-0.121898
-0.104988
0.044097
-0.243337
-0.009965
-0.153635
0.157647
0.001284
-0.110671
0.041758
0.037410
-0.031901
-0.183631
0.184773
-0.062826
-0.032575
-0.095956
-0.402020
-0.068167
-0.267251
-0.113047
-0.086859
0.041030
-0.204980
-0.085780
-0.169194
-0.094742
-0.130074
-0.246946
-0.145054
-0.270307
0.040907
-0.138916
-0.063681
0.029854
-0.036581
-0.219071
-0.218804
-0.094597
-0.183961
0.010460
-0.255618
-0.013279
-0.034353
-0.039667
-0.141050
-0.254089
-0.171152
0.061101
-0.009023
-0.180064
-0.018469
-0.140769
-0.046987
0.096925
-0.144089
-0.028696
-0.065006
0.271593
1.759527
71.316128
49.441010
1.939624
0.236378
0.170531
0.190343
-0.365395
-0.163278
0.106496
0.081600
0.016986
-0.143988
0.072121
-0.088567
0.283482
0.141553
0.044297
-0.028035
-0.022729
0.033114
0.239317
-0.125301
-0.244073
0.208170
-0.218804
-0.070728
-0.215676
0.101733
-0.090802
0.017384
-0.095160
-0.245311
