0.110580
0.190320
0.331842
0.092633
0.483513
0.286366
0.447482
0.001740
0.195794
-0.015935
0.182457
0.144320
0.048462
0.118031
-0.125022
0.048475
-0.026632
0.030685
-0.129132
0.038302
-0.088597
-0.105417
0.103197
-0.133287
-0.053786
-0.099379
-0.171864
-0.092814
-0.144244
-0.123561
-0.126707
-0.180132
0.068909
0.188126
-0.010447
-0.169887
-0.181759
-0.068936
-0.012750
-0.220325
-0.042851
-0.051721
0.076825
-0.123427
-0.161513
-0.057001
-0.031408
0.093183
-0.195390
0.242682
0.038076
0.116261
-0.246773
-0.298949
-0.015031
-0.180135
-0.125087
-0.171867
0.042127
-0.230944
-0.095588
-0.332938
-0.078785
-0.088043
-0.254866
-0.095987
-0.297179
0.046820
-0.054911
-0.006754
0.010926
0.032408
-0.225031
-0.073836
-0.197574
-0.192901
-0.074388
-0.119640
-0.100159
-0.086330
-0.095543
-0.075976
-0.200281
-0.227997
-0.058780
-0.075735
-0.124988
-0.041293
-0.143790
-0.013873
-0.015024
-0.047027
-0.089524
-0.161857
0.272626
1.714719
72.990185
50.617646
1.839871
0.228421
0.268495
0.203498
-0.281592
-0.151225
0.012761
0.182512
0.051914
0.068908
-0.024701
0.001408
0.284642
0.164506
0.166329
-0.077901
0.033311
0.036271
0.147649
-0.125186
-0.152048
0.099505
-0.199624
-0.101794
-0.223519
0.072778
-0.324384
0.204189
-0.030234
-0.213322
