0.178819
0.347650
0.486280
0.073148
0.335262
0.152143
0.382033
-0.061712
0.295347
0.116534
0.061005
0.210931
-0.070649
0.081506
-0.075566
0.093823
-0.131944
0.031159
-0.180429
0.000763
0.086885
-0.067833
0.183622
-0.207592
0.026702
0.067118
-0.123238
-0.067243
-0.143693
-0.097029
-0.214115
-0.306540
-0.074356
0.066606
0.033065
-0.170359
-0.140331
-0.057327
0.010889
-0.274703
-0.071194
-0.014112
0.111309
-0.123869
-0.154994
-0.017423
-0.089856
-0.101183
-0.140988
0.160415
-0.095228
0.024985
-0.138195
-0.297470
-0.049253
-0.371348
-0.175486
-0.234131
-0.030268
-0.214327
-0.052073
-0.116554
-0.069171
-0.011663
-0.290341
-0.346355
-0.294571
0.016590
-0.207144
-0.111190
0.001653
-0.169718
-0.183516
-0.160151
-0.146992
-0.043487
-0.081820
-0.129996
-0.088676
-0.147645
-0.212833
-0.176227
-0.223624
-0.271382
-0.137018
-0.033194
-0.195321
0.005346
-0.163372
-0.022240
0.042423
-0.006492
0.113820
-0.096289
0.185267
1.744381
74.297965
51.631953
1.793476
0.351803
0.397983
0.216979
-0.232015
-0.202471
-0.070633
0.159207
0.076563
0.057561
0.199654
0.120881
0.357196
0.080282
0.095120
-0.006280
0.039759
0.065929
0.283960
-0.032698
-0.241422
0.201872
-0.102257
-0.056078
-0.262872
0.150348
-0.113996
0.218019
-0.032583
-0.267741
