1D 255 -0,500000 254,500000	[nbin xmin xmax]
"X"	"Function_0"
0,000000	238,482578
1,000000	239,464609
2,000000	240,850937
3,000000	241,853125
4,000000	243,121563
5,000000	244,233906
6,000000	245,456562
7,000000	246,451562
8,000000	247,461406
9,000000	248,782344
10,000000	249,968047
11,000000	251,215547
12,000000	252,507109
13,000000	253,370469
14,000000	254,532109
15,000000	255,581953
16,000000	256,741641
17,000000	257,288359
18,000000	258,130625
19,000000	259,071562
20,000000	259,649141
21,000000	260,307031
22,000000	261,011797
23,000000	261,710859
24,000000	262,650391
25,000000	263,071719
26,000000	263,698203
27,000000	264,176875
28,000000	264,577344
29,000000	265,186172
30,000000	265,550156
31,000000	265,912578
32,000000	266,219297
33,000000	266,416094
34,000000	266,708359
35,000000	267,149062
36,000000	267,333750
37,000000	267,638047
38,000000	268,079766
39,000000	268,313203
40,000000	268,798828
41,000000	269,116250
42,000000	269,106797
43,000000	269,240391
44,000000	269,445078
45,000000	269,533047
46,000000	269,568828
47,000000	269,682734
48,000000	269,536250
49,000000	269,678828
50,000000	269,684609
51,000000	269,521563
52,000000	269,625156
53,000000	269,569844
54,000000	269,595937
55,000000	269,514063
56,000000	269,475938
57,000000	269,498359
58,000000	269,457266
59,000000	269,453437
60,000000	269,271875
61,000000	269,198438
62,000000	269,053672
63,000000	269,139844
64,000000	268,804609
65,000000	268,731562
66,000000	268,670625
67,000000	268,445156
68,000000	268,327188
69,000000	267,951094
70,000000	267,640781
71,000000	267,195000
72,000000	266,606016
73,000000	266,124141
74,000000	265,174062
75,000000	264,342656
76,000000	263,690313
77,000000	262,772734
78,000000	261,743594
79,000000	260,298047
80,000000	259,146094
81,000000	257,138906
82,000000	255,166172
83,000000	253,510703
84,000000	250,154766
85,000000	247,435391
86,000000	243,775469
87,000000	239,858906
88,000000	236,377578
89,000000	230,131094
90,000000	224,434453
91,000000	216,002422
92,000000	207,643828
93,000000	201,801797
94,000000	188,852578
95,000000	180,091172
96,000000	169,712422
97,000000	157,877031
98,000000	146,825234
99,000000	127,592891
100,000000	111,673438
101,000000	93,736563
102,000000	76,619844
103,000000	63,311406
104,000000	44,736328
105,000000	35,032422
106,000000	22,102969
107,000000	15,483672
108,000000	12,051565
109,000000	6,869206
110,000000	5,543786
111,000000	4,239995
112,000000	4,433925
113,000000	4,635797
114,000000	3,987041
115,000000	4,237624
116,000000	4,693567
117,000000	4,063385
118,000000	4,538527
119,000000	4,206450
120,000000	3,418456
121,000000	5,199240
122,000000	4,341462
123,000000	5,029348
124,000000	4,552088
125,000000	4,445045
126,000000	4,785119
127,000000	4,588741
128,000000	4,220998
129,000000	4,121398
130,000000	4,513782
131,000000	3,974780
132,000000	4,302817
133,000000	3,911846
134,000000	4,914353
135,000000	4,323486
136,000000	4,412341
137,000000	3,888140
138,000000	4,473085
139,000000	4,032985
140,000000	4,221018
141,000000	4,457768
142,000000	4,507890
143,000000	4,391863
144,000000	4,586936
145,000000	4,155122
146,000000	4,089273
147,000000	4,577343
148,000000	4,470912
149,000000	4,222006
150,000000	4,112171
151,000000	4,249301
152,000000	4,321911
153,000000	3,899532
154,000000	4,177788
155,000000	4,448244
156,000000	4,156693
157,000000	4,427378
158,000000	4,151932
159,000000	4,721701
160,000000	4,679646
161,000000	4,397408
162,000000	4,059466
163,000000	4,515925
164,000000	3,992381
165,000000	4,256054
166,000000	4,317566
167,000000	4,896894
168,000000	4,160852
169,000000	4,190160
170,000000	4,099650
171,000000	4,398364
172,000000	4,292203
173,000000	3,481827
174,000000	4,184553
175,000000	4,685398
176,000000	4,238998
177,000000	4,055523
178,000000	4,473460
179,000000	4,383066
180,000000	4,353968
181,000000	4,565152
182,000000	3,983203
183,000000	4,692319
184,000000	3,991644
185,000000	4,157757
186,000000	4,157819
187,000000	4,495109
188,000000	4,701583
189,000000	4,037815
190,000000	4,284585
191,000000	4,806974
192,000000	4,118501
193,000000	4,680915
194,000000	4,048127
195,000000	4,405198
196,000000	4,400473
197,000000	4,703313
198,000000	4,007575
199,000000	4,345435
200,000000	4,275149
201,000000	4,783724
202,000000	3,985706
203,000000	3,662561
204,000000	4,667080
205,000000	4,160867
206,000000	3,791590
207,000000	4,449316
208,000000	4,517166
209,000000	3,766993
210,000000	4,028638
211,000000	4,164299
212,000000	4,461705
213,000000	4,297281
214,000000	4,600304
215,000000	3,996129
216,000000	4,044055
217,000000	3,865339
218,000000	4,168023
219,000000	4,338748
220,000000	4,182196
221,000000	4,357336
222,000000	4,346628
223,000000	4,175285
224,000000	4,505043
225,000000	4,665036
226,000000	4,408117
227,000000	4,115675
228,000000	3,802956
229,000000	4,516193
230,000000	3,813298
231,000000	4,742057
232,000000	3,969722
233,000000	4,217742
234,000000	4,787585
235,000000	4,458266
236,000000	4,458496
237,000000	4,028310
238,000000	4,234251
239,000000	3,178320
240,000000	4,425954
241,000000	4,593231
242,000000	4,435894
243,000000	4,354207
244,000000	4,322563
245,000000	4,324325
246,000000	5,255929
247,000000	4,211011
248,000000	4,586029
249,000000	4,810051
250,000000	5,282809
251,000000	4,876018
252,000000	4,071077
253,000000	4,181830
254,000000	4,206691
