1D 255 -0,500000 254,500000	[nbin xmin xmax]
"X"	"Function_0"
0,000000	232,163203
1,000000	233,799141
2,000000	235,039375
3,000000	236,037187
4,000000	237,987188
5,000000	238,931250
6,000000	240,645547
7,000000	241,978984
8,000000	242,938750
9,000000	244,857734
10,000000	246,311172
11,000000	248,161094
12,000000	249,617344
13,000000	250,670391
14,000000	252,310859
15,000000	253,170312
16,000000	254,551562
17,000000	255,358203
18,000000	256,261094
19,000000	257,404687
20,000000	258,037187
21,000000	258,837422
22,000000	259,725547
23,000000	260,591016
24,000000	261,683281
25,000000	262,383984
26,000000	263,019766
27,000000	263,609297
28,000000	263,921250
29,000000	264,502891
30,000000	264,916094
31,000000	265,395000
32,000000	265,796094
33,000000	266,057188
34,000000	266,448984
35,000000	266,831250
36,000000	267,128828
37,000000	267,701172
38,000000	267,961250
39,000000	268,462656
40,000000	268,747969
41,000000	268,969922
42,000000	269,024687
43,000000	269,021875
44,000000	269,255234
45,000000	269,371172
46,000000	269,318359
47,000000	269,344766
48,000000	269,350391
49,000000	269,418125
50,000000	269,518359
51,000000	269,549688
52,000000	269,491016
53,000000	269,600547
54,000000	269,543359
55,000000	269,494687
56,000000	269,469688
57,000000	269,465391
58,000000	269,483437
59,000000	269,367891
60,000000	269,291562
61,000000	269,181641
62,000000	269,100313
63,000000	269,020937
64,000000	268,913906
65,000000	268,823359
66,000000	268,615312
67,000000	268,466484
68,000000	268,413438
69,000000	267,959141
70,000000	267,748594
71,000000	267,265469
72,000000	266,865547
73,000000	266,423672
74,000000	265,475391
75,000000	264,981250
76,000000	264,248984
77,000000	263,529141
78,000000	262,690000
79,000000	261,258516
80,000000	260,220469
81,000000	258,411953
82,000000	256,809609
83,000000	254,885156
84,000000	251,747969
85,000000	249,206484
86,000000	245,890156
87,000000	242,164453
88,000000	239,050312
89,000000	233,180703
90,000000	228,448281
91,000000	220,119219
92,000000	212,575859
93,000000	206,719688
94,000000	194,865078
95,000000	187,438828
96,000000	177,727344
97,000000	166,589375
98,000000	155,987812
99,000000	134,816094
100,000000	118,833125
101,000000	100,334531
102,000000	82,549609
103,000000	67,594609
104,000000	48,174609
105,000000	36,938203
106,000000	24,147500
107,000000	17,168047
108,000000	12,108437
109,000000	7,446235
110,000000	4,169021
111,000000	2,221274
112,000000	1,538476
113,000000	1,488191
114,000000	1,633925
115,000000	1,471124
116,000000	1,414277
117,000000	1,615138
118,000000	1,471406
119,000000	1,367641
120,000000	1,537587
121,000000	1,479905
122,000000	1,617645
123,000000	1,507509
124,000000	1,599333
125,000000	1,505140
126,000000	1,565754
127,000000	1,544253
128,000000	1,589604
129,000000	1,515482
130,000000	1,405282
131,000000	1,385526
132,000000	1,633982
133,000000	1,425747
134,000000	1,437258
135,000000	1,442620
136,000000	1,372669
137,000000	1,632027
138,000000	1,477093
139,000000	1,545718
140,000000	1,428155
141,000000	1,651683
142,000000	1,511176
143,000000	1,545341
144,000000	1,198371
145,000000	1,710544
146,000000	1,614161
147,000000	1,489572
148,000000	1,383814
149,000000	1,542725
150,000000	1,609379
151,000000	1,507911
152,000000	1,405749
153,000000	1,543968
154,000000	1,507351
155,000000	1,532234
156,000000	1,582115
157,000000	1,564347
158,000000	1,558588
159,000000	1,662507
160,000000	1,458260
161,000000	1,560392
162,000000	1,638360
163,000000	1,526062
164,000000	1,503387
165,000000	1,470755
166,000000	1,590340
167,000000	1,600178
168,000000	1,540086
169,000000	1,535051
170,000000	1,364649
171,000000	1,685034
172,000000	1,424484
173,000000	1,367944
174,000000	1,562209
175,000000	1,502071
176,000000	1,500644
177,000000	1,591777
178,000000	1,500361
179,000000	1,338530
180,000000	1,419342
181,000000	1,316252
182,000000	1,464649
183,000000	1,546157
184,000000	1,694047
185,000000	1,486013
186,000000	1,668511
187,000000	1,582453
188,000000	1,479380
189,000000	1,441696
190,000000	1,526423
191,000000	1,315637
192,000000	1,257635
193,000000	1,490447
194,000000	1,319532
195,000000	1,602830
196,000000	1,507647
197,000000	1,444712
198,000000	1,682488
199,000000	1,499509
200,000000	1,498208
201,000000	1,672601
202,000000	1,434688
203,000000	1,510028
204,000000	1,546445
205,000000	1,515984
206,000000	1,442902
207,000000	1,614033
208,000000	1,671691
209,000000	1,445565
210,000000	1,467105
211,000000	1,434461
212,000000	1,506328
213,000000	1,450819
214,000000	1,545463
215,000000	1,326749
216,000000	1,563251
217,000000	1,567627
218,000000	1,520353
219,000000	1,542447
220,000000	1,395653
221,000000	1,799330
222,000000	1,544492
223,000000	1,550119
224,000000	1,516325
225,000000	1,411694
226,000000	1,572875
227,000000	1,627241
228,000000	1,469035
229,000000	1,480683
230,000000	1,523113
231,000000	1,411406
232,000000	1,539147
233,000000	1,728877
234,000000	1,472803
235,000000	1,637421
236,000000	1,450752
237,000000	1,329045
238,000000	1,606209
239,000000	1,334674
240,000000	1,639447
241,000000	1,456704
242,000000	1,396211
243,000000	1,567950
244,000000	1,540454
245,000000	1,547749
246,000000	1,349727
247,000000	1,510793
248,000000	1,738393
249,000000	1,422282
250,000000	1,637546
251,000000	1,476765
252,000000	1,553320
253,000000	1,490904
254,000000	1,522666
