1D 255 -512,000000 260608,000000	[nbin xmin xmax]
"X"	"Function_0"
0,000000	1,682192
1024,000000	3,139471
2048,000000	7,061719
3072,000000	10,475078
4096,000000	14,090547
5120,000000	17,119687
6144,000000	21,156719
7168,000000	23,874297
8192,000000	27,630000
9216,000000	30,915234
10240,000000	34,424297
11264,000000	37,391250
12288,000000	40,971250
13312,000000	44,446484
14336,000000	47,431797
15360,000000	51,103672
16384,000000	54,271172
17408,000000	57,488594
18432,000000	60,554922
19456,000000	63,682031
20480,000000	66,855078
21504,000000	69,880469
22528,000000	73,326094
23552,000000	76,539922
24576,000000	79,588203
25600,000000	82,679141
26624,000000	85,620859
27648,000000	88,686406
28672,000000	91,839219
29696,000000	94,394844
30720,000000	97,921797
31744,000000	100,454219
32768,000000	103,580625
33792,000000	105,997344
34816,000000	109,240391
35840,000000	112,546719
36864,000000	114,831484
37888,000000	117,662891
38912,000000	120,353906
39936,000000	122,998203
40960,000000	125,727734
41984,000000	128,094297
43008,000000	131,119609
44032,000000	133,226563
45056,000000	136,272266
46080,000000	138,496719
47104,000000	141,227891
48128,000000	143,423203
49152,000000	145,815156
50176,000000	148,298281
51200,000000	150,447500
52224,000000	152,941016
53248,000000	154,953281
54272,000000	157,213438
55296,000000	159,572891
56320,000000	161,559063
57344,000000	163,757422
58368,000000	166,198672
59392,000000	168,219453
60416,000000	170,094531
61440,000000	172,252969
62464,000000	174,450859
63488,000000	176,376172
64512,000000	178,523594
65536,000000	180,512422
66560,000000	182,449531
67584,000000	184,291328
68608,000000	186,161094
69632,000000	188,003906
70656,000000	189,676016
71680,000000	191,435625
72704,000000	193,074609
73728,000000	194,697969
74752,000000	196,367344
75776,000000	198,105625
76800,000000	199,551484
77824,000000	201,106250
78848,000000	202,578750
79872,000000	204,411563
80896,000000	205,927031
81920,000000	207,240547
82944,000000	208,786797
83968,000000	210,209062
84992,000000	211,670156
86016,000000	212,863984
87040,000000	214,314687
88064,000000	215,590859
89088,000000	216,806563
90112,000000	218,229922
91136,000000	219,236719
92160,000000	220,547734
93184,000000	221,511250
94208,000000	222,744141
95232,000000	223,915312
96256,000000	225,151328
97280,000000	225,848203
98304,000000	227,304922
99328,000000	228,387578
100352,000000	229,476484
101376,000000	230,394219
102400,000000	231,286250
103424,000000	232,203516
104448,000000	233,253828
105472,000000	234,034844
106496,000000	234,956094
107520,000000	235,682578
108544,000000	236,720859
109568,000000	237,589531
110592,000000	238,173594
111616,000000	238,980859
112640,000000	239,820938
113664,000000	240,570469
114688,000000	241,238984
115712,000000	242,032109
116736,000000	242,896719
117760,000000	243,368594
118784,000000	243,912578
119808,000000	244,620781
120832,000000	245,337813
121856,000000	245,994766
122880,000000	246,596953
123904,000000	247,216719
124928,000000	247,762969
125952,000000	248,345937
126976,000000	248,801641
128000,000000	249,404844
129024,000000	249,819219
130048,000000	250,489375
131072,000000	250,857422
132096,000000	251,400234
133120,000000	251,771328
134144,000000	252,245234
135168,000000	252,741484
136192,000000	253,100937
137216,000000	253,728047
138240,000000	254,036563
139264,000000	254,383984
140288,000000	254,792891
141312,000000	255,203047
142336,000000	255,418672
143360,000000	255,938594
144384,000000	256,277812
145408,000000	256,592734
146432,000000	257,112500
147456,000000	257,359531
148480,000000	257,580781
149504,000000	257,880312
150528,000000	258,208359
151552,000000	258,771250
152576,000000	258,923672
153600,000000	259,031797
154624,000000	259,365313
155648,000000	259,674062
156672,000000	259,886563
157696,000000	260,122734
158720,000000	260,423359
159744,000000	260,627344
160768,000000	260,891875
161792,000000	261,092969
162816,000000	261,320078
163840,000000	261,673594
164864,000000	261,808516
165888,000000	261,969141
166912,000000	262,125078
167936,000000	262,364297
168960,000000	262,610625
169984,000000	262,901094
171008,000000	262,902969
172032,000000	263,191172
173056,000000	263,222422
174080,000000	263,626172
175104,000000	263,594844
176128,000000	263,882344
177152,000000	263,946094
178176,000000	264,303125
179200,000000	264,354766
180224,000000	264,630859
181248,000000	264,651875
182272,000000	264,803594
183296,000000	264,902344
184320,000000	265,005078
185344,000000	265,187734
186368,000000	265,295156
187392,000000	265,325859
188416,000000	265,446484
189440,000000	265,499453
190464,000000	265,638750
191488,000000	265,598281
192512,000000	265,722578
193536,000000	265,869062
194560,000000	265,987578
195584,000000	265,958438
196608,000000	266,177656
197632,000000	266,291484
198656,000000	266,345078
199680,000000	266,442656
200704,000000	266,451953
201728,000000	266,557656
202752,000000	266,579063
203776,000000	266,697344
204800,000000	266,681094
205824,000000	266,845625
206848,000000	266,866641
207872,000000	266,911094
208896,000000	267,026406
209920,000000	266,927344
210944,000000	267,147187
211968,000000	267,087109
212992,000000	267,175234
214016,000000	267,190156
215040,000000	267,302109
216064,000000	267,396953
217088,000000	267,453984
218112,000000	267,535156
219136,000000	267,521328
220160,000000	267,475859
221184,000000	267,542734
222208,000000	267,594687
223232,000000	267,561094
224256,000000	267,718750
225280,000000	267,621719
226304,000000	267,774531
227328,000000	267,839297
228352,000000	267,723047
229376,000000	267,891797
230400,000000	268,031328
231424,000000	267,959531
232448,000000	267,862734
233472,000000	268,068516
234496,000000	268,014141
235520,000000	268,065078
236544,000000	268,057109
237568,000000	268,076328
238592,000000	268,120313
239616,000000	268,174688
240640,000000	268,204922
241664,000000	268,235469
242688,000000	268,171016
243712,000000	268,324687
244736,000000	268,358125
245760,000000	268,395625
246784,000000	268,322188
247808,000000	268,499844
248832,000000	268,368984
249856,000000	268,515625
250880,000000	268,471172
251904,000000	268,316563
252928,000000	268,464766
253952,000000	268,411953
254976,000000	268,491953
256000,000000	268,485937
257024,000000	268,604375
258048,000000	268,548047
259072,000000	268,549063
260096,000000	268,497656
