1D 255 -0,500000 254,500000	[nbin xmin xmax]
"X"	"Function_0"
0,000000	236,764531
1,000000	238,307187
2,000000	239,713672
3,000000	241,028047
4,000000	242,380469
5,000000	243,167656
6,000000	244,412578
7,000000	245,641016
8,000000	246,893750
9,000000	248,753281
10,000000	249,869844
11,000000	251,391094
12,000000	252,832422
13,000000	253,801250
14,000000	255,204297
15,000000	256,075000
16,000000	257,101328
17,000000	257,864766
18,000000	258,464922
19,000000	259,473437
20,000000	260,280469
21,000000	260,962422
22,000000	261,871719
23,000000	262,527969
24,000000	263,346094
25,000000	263,839688
26,000000	264,474453
27,000000	264,875938
28,000000	265,257656
29,000000	265,624297
30,000000	265,927500
31,000000	266,348750
32,000000	266,516641
33,000000	266,896328
34,000000	267,103203
35,000000	267,498594
36,000000	268,027031
37,000000	268,583828
38,000000	268,783281
39,000000	269,073906
40,000000	269,175156
41,000000	269,396719
42,000000	269,390469
43,000000	269,385234
44,000000	269,570156
45,000000	269,475156
46,000000	269,583125
47,000000	269,548281
48,000000	269,590313
49,000000	269,522500
50,000000	269,559609
51,000000	269,652031
52,000000	269,685469
53,000000	269,565156
54,000000	269,534531
55,000000	269,558281
56,000000	269,581953
57,000000	269,623437
58,000000	269,517578
59,000000	269,547344
60,000000	269,365781
61,000000	269,377734
62,000000	269,286562
63,000000	269,246953
64,000000	269,060703
65,000000	268,936641
66,000000	268,814609
67,000000	268,607500
68,000000	268,545078
69,000000	268,282344
70,000000	268,012734
71,000000	267,825781
72,000000	267,478047
73,000000	266,875937
74,000000	265,881797
75,000000	265,156328
76,000000	264,593516
77,000000	263,904375
78,000000	263,122578
79,000000	261,967813
80,000000	260,860000
81,000000	259,099453
82,000000	257,445234
83,000000	255,576484
84,000000	252,488750
85,000000	250,215703
86,000000	246,790703
87,000000	243,155547
88,000000	239,497656
89,000000	233,650000
90,000000	228,820469
91,000000	220,709062
92,000000	212,705625
93,000000	207,298203
94,000000	194,940391
95,000000	186,612031
96,000000	176,870859
97,000000	165,818594
98,000000	154,569141
99,000000	134,828281
100,000000	117,903594
101,000000	98,825078
102,000000	80,990391
103,000000	66,703359
104,000000	47,456016
105,000000	36,760391
106,000000	23,529141
107,000000	16,383828
108,000000	11,670000
109,000000	6,761131
110,000000	3,843061
111,000000	2,020584
112,000000	1,639224
113,000000	1,518451
114,000000	1,696087
115,000000	1,446270
116,000000	1,510738
117,000000	1,349022
118,000000	1,856300
119,000000	1,576047
120,000000	1,666527
121,000000	1,490587
122,000000	1,482790
123,000000	1,483385
124,000000	1,599792
125,000000	1,615364
126,000000	1,554741
127,000000	1,431513
128,000000	1,557183
129,000000	1,382959
130,000000	1,769266
131,000000	1,549803
132,000000	1,441806
133,000000	1,616520
134,000000	1,723746
135,000000	1,571181
136,000000	1,405729
137,000000	1,415671
138,000000	1,536562
139,000000	1,692348
140,000000	1,615116
141,000000	1,675578
142,000000	1,473255
143,000000	1,448494
144,000000	1,449856
145,000000	1,555706
146,000000	1,575993
147,000000	1,545763
148,000000	1,684681
149,000000	1,353086
150,000000	1,596149
151,000000	1,493248
152,000000	1,441356
153,000000	1,508748
154,000000	1,574638
155,000000	1,553156
156,000000	1,368141
157,000000	1,523709
158,000000	1,353960
159,000000	1,611311
160,000000	1,805235
161,000000	1,594658
162,000000	1,509625
163,000000	1,514430
164,000000	1,549195
165,000000	1,676252
166,000000	1,646539
167,000000	1,832781
168,000000	1,679094
169,000000	1,535547
170,000000	1,656311
171,000000	1,596868
172,000000	1,453643
173,000000	1,586071
174,000000	1,573862
175,000000	1,516857
176,000000	1,415390
177,000000	1,532935
178,000000	1,405936
179,000000	1,529224
180,000000	1,649115
181,000000	1,580307
182,000000	1,417632
183,000000	1,358720
184,000000	1,470264
185,000000	1,414702
186,000000	1,444235
187,000000	1,472870
188,000000	1,357373
189,000000	1,417768
190,000000	1,405495
191,000000	1,442206
192,000000	1,534777
193,000000	1,553993
194,000000	1,377902
195,000000	1,458697
196,000000	1,685792
197,000000	1,367484
198,000000	1,418818
199,000000	1,595104
200,000000	1,489642
201,000000	1,514506
202,000000	1,595204
203,000000	1,398098
204,000000	1,570473
205,000000	1,667919
206,000000	1,589236
207,000000	1,428196
208,000000	1,441451
209,000000	1,496977
210,000000	1,276874
211,000000	1,482665
212,000000	1,488001
213,000000	1,408489
214,000000	1,472949
215,000000	1,388911
216,000000	1,416741
217,000000	1,487531
218,000000	1,296383
219,000000	1,515438
220,000000	1,466533
221,000000	1,485738
222,000000	1,338108
223,000000	1,470997
224,000000	1,443158
225,000000	1,580753
226,000000	1,540763
227,000000	1,720810
228,000000	1,378781
229,000000	1,538250
230,000000	1,641745
231,000000	1,572689
232,000000	1,635912
233,000000	1,713804
234,000000	1,480806
235,000000	1,627679
236,000000	1,597183
237,000000	1,540471
238,000000	1,613838
239,000000	1,661014
240,000000	1,480913
241,000000	1,488897
242,000000	1,268555
243,000000	1,504868
244,000000	1,521649
245,000000	1,665522
246,000000	1,475558
247,000000	1,345469
248,000000	1,710173
249,000000	1,608355
250,000000	1,493575
251,000000	1,445468
252,000000	1,667638
253,000000	1,587941
254,000000	1,592036
