1D 255 -0,500000 254,500000	[nbin xmin xmax]
"X"	"Function_0"
0,000000	235,818594
1,000000	237,445000
2,000000	238,569531
3,000000	239,761719
4,000000	241,346016
5,000000	242,249453
6,000000	243,420625
7,000000	244,773906
8,000000	246,060781
9,000000	247,729141
10,000000	248,897734
11,000000	250,478906
12,000000	252,022266
13,000000	252,904375
14,000000	254,297344
15,000000	255,430937
16,000000	256,397969
17,000000	257,280469
18,000000	257,845391
19,000000	259,019609
20,000000	259,677656
21,000000	260,595156
22,000000	261,243828
23,000000	261,996094
24,000000	262,832422
25,000000	263,562891
26,000000	264,136250
27,000000	264,564297
28,000000	264,845703
29,000000	265,421953
30,000000	265,584609
31,000000	266,057188
32,000000	266,377109
33,000000	266,576875
34,000000	267,133594
35,000000	267,681250
36,000000	268,182891
37,000000	268,580391
38,000000	268,751719
39,000000	268,898516
40,000000	269,031562
41,000000	269,092969
42,000000	269,169766
43,000000	269,273203
44,000000	269,271484
45,000000	269,410000
46,000000	269,401641
47,000000	269,425234
48,000000	269,523281
49,000000	269,574531
50,000000	269,561016
51,000000	269,586484
52,000000	269,661484
53,000000	269,551797
54,000000	269,532109
55,000000	269,578906
56,000000	269,656016
57,000000	269,476406
58,000000	269,448359
59,000000	269,387266
60,000000	269,415859
61,000000	269,310391
62,000000	269,304687
63,000000	269,109766
64,000000	268,948594
65,000000	268,893438
66,000000	268,676250
67,000000	268,502656
68,000000	268,327578
69,000000	268,056484
70,000000	267,845625
71,000000	267,518828
72,000000	267,243672
73,000000	266,858125
74,000000	265,935859
75,000000	265,114141
76,000000	264,233437
77,000000	263,430156
78,000000	262,714062
79,000000	261,380234
80,000000	260,409375
81,000000	258,454687
82,000000	256,605703
83,000000	254,709453
84,000000	251,744297
85,000000	249,226953
86,000000	245,326562
87,000000	241,688906
88,000000	238,157187
89,000000	232,334844
90,000000	226,997734
91,000000	218,627500
92,000000	211,131953
93,000000	204,905000
94,000000	192,258594
95,000000	184,323359
96,000000	174,045000
97,000000	163,351719
98,000000	152,209688
99,000000	131,796250
100,000000	114,604297
101,000000	96,680859
102,000000	79,631406
103,000000	64,954531
104,000000	46,014141
105,000000	35,395781
106,000000	23,121641
107,000000	15,588516
108,000000	11,222578
109,000000	6,047119
110,000000	4,188726
111,000000	2,357380
112,000000	1,750499
113,000000	1,671393
114,000000	1,396273
115,000000	1,649594
116,000000	1,634739
117,000000	1,610049
118,000000	1,442423
119,000000	1,667116
120,000000	1,712145
121,000000	1,479842
122,000000	1,622302
123,000000	1,548208
124,000000	1,318526
125,000000	1,531805
126,000000	1,669775
127,000000	1,733677
128,000000	1,694738
129,000000	1,782286
130,000000	1,424086
131,000000	1,404925
132,000000	1,565951
133,000000	1,502126
134,000000	1,472632
135,000000	1,514333
136,000000	1,580981
137,000000	1,572406
138,000000	1,686486
139,000000	1,554746
140,000000	1,362690
141,000000	1,554626
142,000000	1,840285
143,000000	1,499084
144,000000	1,643029
145,000000	1,686056
146,000000	1,773145
147,000000	1,502505
148,000000	1,693245
149,000000	1,492916
150,000000	1,451306
151,000000	1,851772
152,000000	1,613352
153,000000	1,754106
154,000000	1,446901
155,000000	1,483173
156,000000	1,503797
157,000000	1,552089
158,000000	1,547821
159,000000	1,356928
160,000000	1,574829
161,000000	1,596663
162,000000	1,594686
163,000000	1,416977
164,000000	1,503079
165,000000	1,496010
166,000000	1,438859
167,000000	1,644162
168,000000	1,521343
169,000000	1,433993
170,000000	1,435157
171,000000	1,613379
172,000000	1,451216
173,000000	1,630397
174,000000	1,577549
175,000000	1,785897
176,000000	1,414070
177,000000	1,436700
178,000000	1,582543
179,000000	1,660409
180,000000	1,567172
181,000000	1,410243
182,000000	1,442073
183,000000	1,741265
184,000000	1,550373
185,000000	1,470880
186,000000	1,575834
187,000000	1,615154
188,000000	1,531437
189,000000	1,623387
190,000000	1,590770
191,000000	1,545652
192,000000	1,553945
193,000000	1,402622
194,000000	1,541249
195,000000	1,450463
196,000000	1,649993
197,000000	1,682447
198,000000	1,615688
199,000000	1,585693
200,000000	1,620314
201,000000	1,536573
202,000000	1,553267
203,000000	1,540924
204,000000	1,422182
205,000000	1,436216
206,000000	1,504557
207,000000	1,603220
208,000000	1,459764
209,000000	1,571905
210,000000	1,711925
211,000000	1,489663
212,000000	1,627542
213,000000	1,587518
214,000000	1,481012
215,000000	1,692089
216,000000	1,683472
217,000000	1,448181
218,000000	1,641785
219,000000	1,443876
220,000000	1,521791
221,000000	1,471719
222,000000	1,468547
223,000000	1,599782
224,000000	1,713854
225,000000	1,556468
226,000000	1,560290
227,000000	1,558871
228,000000	1,501613
229,000000	1,552654
230,000000	1,790018
231,000000	1,367016
232,000000	1,656913
233,000000	1,784575
234,000000	1,511077
235,000000	1,940611
236,000000	1,534087
237,000000	1,706625
238,000000	1,636782
239,000000	1,564392
240,000000	1,530009
241,000000	1,478311
242,000000	1,621729
243,000000	1,641511
244,000000	1,749025
245,000000	1,350246
246,000000	1,549014
247,000000	1,502902
248,000000	1,543067
249,000000	1,534504
250,000000	1,524088
251,000000	1,395879
252,000000	1,794339
253,000000	1,636250
254,000000	1,474727
