1D 255 -0,500000 254,500000	[nbin xmin xmax]
"X"	"Function_0"
0,000000	236,562500
1,000000	238,221953
2,000000	239,560625
3,000000	240,441641
4,000000	242,164453
5,000000	243,072031
6,000000	244,490156
7,000000	245,827500
8,000000	246,873047
9,000000	248,694297
10,000000	249,980078
11,000000	251,388203
12,000000	252,916797
13,000000	253,865312
14,000000	255,178125
15,000000	255,997812
16,000000	256,959766
17,000000	257,991328
18,000000	258,606406
19,000000	259,687812
20,000000	260,333203
21,000000	261,306953
22,000000	261,935234
23,000000	262,480625
24,000000	263,267969
25,000000	263,880859
26,000000	264,527500
27,000000	264,971250
28,000000	265,271406
29,000000	265,867500
30,000000	266,161406
31,000000	266,431406
32,000000	266,864687
33,000000	266,926250
34,000000	267,430937
35,000000	268,061562
36,000000	268,702422
37,000000	268,967578
38,000000	269,109375
39,000000	269,336562
40,000000	269,491797
41,000000	269,578984
42,000000	269,644687
43,000000	269,662813
44,000000	269,737812
45,000000	269,641094
46,000000	269,901562
47,000000	269,917422
48,000000	269,912891
49,000000	269,958906
50,000000	269,921719
51,000000	270,026562
52,000000	270,017734
53,000000	270,027656
54,000000	270,033203
55,000000	270,091250
56,000000	270,084688
57,000000	270,121172
58,000000	269,898359
59,000000	269,815938
60,000000	269,805000
61,000000	269,590234
62,000000	269,563437
63,000000	269,480000
64,000000	269,305938
65,000000	269,116094
66,000000	269,065703
67,000000	268,922500
68,000000	268,711719
69,000000	268,565859
70,000000	268,211094
71,000000	267,910859
72,000000	267,571953
73,000000	267,130781
74,000000	266,308438
75,000000	265,397500
76,000000	264,552031
77,000000	263,898281
78,000000	263,108516
79,000000	261,682344
80,000000	260,640547
81,000000	258,604219
82,000000	256,909609
83,000000	255,007891
84,000000	251,870625
85,000000	249,400937
86,000000	245,564219
87,000000	241,534531
88,000000	238,044375
89,000000	232,001484
90,000000	226,629141
91,000000	217,722969
92,000000	210,498516
93,000000	204,409609
94,000000	191,864531
95,000000	183,786875
96,000000	173,654141
97,000000	162,020391
98,000000	150,854844
99,000000	130,903203
100,000000	113,808281
101,000000	96,017031
102,000000	78,189141
103,000000	64,102188
104,000000	45,618047
105,000000	35,197656
106,000000	22,367813
107,000000	15,676406
108,000000	10,716563
109,000000	6,056329
110,000000	3,615171
111,000000	2,146280
112,000000	1,639293
113,000000	1,526506
114,000000	1,712134
115,000000	1,407811
116,000000	1,555567
117,000000	1,612222
118,000000	1,527721
119,000000	1,458415
120,000000	1,504965
121,000000	1,399756
122,000000	1,514710
123,000000	1,635655
124,000000	1,623483
125,000000	1,410469
126,000000	1,706251
127,000000	1,719543
128,000000	1,512371
129,000000	1,521281
130,000000	1,528411
131,000000	1,585544
132,000000	1,441673
133,000000	1,634361
134,000000	1,554383
135,000000	1,699211
136,000000	1,582195
137,000000	1,553704
138,000000	1,491775
139,000000	1,605835
140,000000	1,681859
141,000000	1,619377
142,000000	1,462863
143,000000	1,560054
144,000000	1,601761
145,000000	1,617430
146,000000	1,437985
147,000000	1,364609
148,000000	1,485363
149,000000	1,578029
150,000000	1,534605
151,000000	1,385221
152,000000	1,518697
153,000000	1,473073
154,000000	1,619682
155,000000	1,595088
156,000000	1,430761
157,000000	1,608377
158,000000	1,436938
159,000000	1,581440
160,000000	1,431789
161,000000	1,532811
162,000000	1,614313
163,000000	1,328981
164,000000	1,483855
165,000000	1,801784
166,000000	1,243610
167,000000	1,673255
168,000000	1,601124
169,000000	1,494372
170,000000	1,545909
171,000000	1,736346
172,000000	1,648513
173,000000	1,531379
174,000000	1,591566
175,000000	1,511205
176,000000	1,493672
177,000000	1,731492
178,000000	1,757548
179,000000	1,620848
180,000000	1,671865
181,000000	1,500792
182,000000	1,601867
183,000000	1,482766
184,000000	1,517857
185,000000	1,614793
186,000000	1,322447
187,000000	1,539593
188,000000	1,719390
189,000000	1,366257
190,000000	1,522736
191,000000	1,317796
192,000000	1,642463
193,000000	1,643285
194,000000	1,654282
195,000000	1,572465
196,000000	1,552649
197,000000	1,530008
198,000000	1,633498
199,000000	1,595213
200,000000	1,866852
201,000000	1,535949
202,000000	1,554660
203,000000	1,572393
204,000000	1,616851
205,000000	1,797048
206,000000	1,617879
207,000000	1,554082
208,000000	1,436528
209,000000	1,671698
210,000000	1,544902
211,000000	1,732969
212,000000	1,340969
213,000000	1,615995
214,000000	1,529252
215,000000	1,489278
216,000000	1,548328
217,000000	1,533147
218,000000	1,462703
219,000000	1,754526
220,000000	1,492461
221,000000	1,650330
222,000000	1,586830
223,000000	1,885118
224,000000	1,452212
225,000000	1,382969
226,000000	1,633425
227,000000	1,665377
228,000000	1,557703
229,000000	1,490607
230,000000	1,690802
231,000000	1,516243
232,000000	1,468730
233,000000	1,752989
234,000000	1,693978
235,000000	1,562314
236,000000	1,468971
237,000000	1,521146
238,000000	1,371885
239,000000	1,664409
240,000000	1,533957
241,000000	1,662051
242,000000	1,479550
243,000000	1,456695
244,000000	1,658397
245,000000	1,642847
246,000000	1,738814
247,000000	1,716613
248,000000	1,552113
249,000000	1,487649
250,000000	1,545624
251,000000	1,523982
252,000000	1,446162
253,000000	1,601932
254,000000	1,562688
