1D 100 -5,000000 995,000000	[nbin xmin xmax]
"X"	"Function_0"
0,000000	-6,588818
10,000000	-4,465120
20,000000	-5,543961
30,000000	-3,143120
40,000000	-4,567290
50,000000	-4,275419
60,000000	-1,464341
70,000000	22,841527
80,000000	64,397131
90,000000	92,173604
100,000000	100,632329
110,000000	101,414471
120,000000	95,305283
130,000000	88,588267
140,000000	81,914583
150,000000	72,985230
160,000000	65,587266
170,000000	60,575353
180,000000	53,440712
190,000000	48,401623
200,000000	43,689402
210,000000	38,266432
220,000000	33,602750
230,000000	31,347215
240,000000	26,071240
250,000000	24,270011
260,000000	20,922972
270,000000	18,467951
280,000000	16,239770
290,000000	13,900641
300,000000	15,107907
310,000000	9,872919
320,000000	11,700636
330,000000	4,642422
340,000000	10,651785
350,000000	6,546300
360,000000	-1,778579
370,000000	-0,611409
380,000000	-7,110443
390,000000	-1,448092
400,000000	-1,156894
410,000000	-4,075541
420,000000	0,174957
430,000000	-2,439529
440,000000	-3,917119
450,000000	-4,192206
460,000000	0,863649
470,000000	-1,520039
480,000000	-5,623877
490,000000	-6,849369
500,000000	0,359790
510,000000	-4,119526
520,000000	-8,484875
530,000000	-9,432435
540,000000	-6,989435
550,000000	-6,659128
560,000000	-3,697684
570,000000	-6,159013
580,000000	-4,453026
590,000000	-1,138055
600,000000	-3,105239
610,000000	-5,386298
620,000000	-4,933808
630,000000	-7,511443
640,000000	-2,318889
650,000000	-1,692790
660,000000	-7,509248
670,000000	-7,571735
680,000000	-3,772958
690,000000	-2,486934
700,000000	-4,669314
710,000000	0,203143
720,000000	-1,627170
730,000000	-2,120736
740,000000	-6,505705
750,000000	-5,088695
760,000000	-5,854933
770,000000	-3,654791
780,000000	-6,288239
790,000000	-6,625468
800,000000	-5,811332
810,000000	-5,229380
820,000000	-4,359527
830,000000	-6,940118
840,000000	-6,636411
850,000000	2,477550
860,000000	-6,892604
870,000000	-6,426187
880,000000	-8,337161
890,000000	-3,659656
900,000000	-7,458018
910,000000	0,827399
920,000000	-6,950524
930,000000	-5,875914
940,000000	-5,281834
950,000000	-5,707440
960,000000	0,273931
970,000000	-3,477859
980,000000	-6,045578
990,000000	-2,131900
